3.71
-0.00969685205367
0.00932320350838
-0.00263793986617
0.76
-0.0037606419754
0.00341663155407
-0.000796485709914
0.76
-0.0037606419754
0.00341663155407
-0.000796485709914
2.72
-0.105343397337
0.0924617061821
-0.0174117495067
0.76
-0.0037606419754
0.00341663155407
-0.000796485709914
3.36
-0.00974678532622
0.0117739892934
-0.00164195897328
3.36
-0.00974678532622
0.0117739892934
-0.00164195897328
3.87
-0.229573214121
0.264706010159
-0.0813618836459
3.24
-0.0555349020699
0.0625952725756
-0.0273251723369
3.87
-0.229573214121
0.264706010159
-0.0813618836459
3.36
-0.00974678532622
0.0117739892934
-0.00164195897328
2.99
-0.0185923273245
0.0174262038769
0.00144494134019
2.99
-0.0185923273245
0.0174262038769
0.00144494134019
4.02
-0.0344959121106
0.03183847656
0.00414033752965
3.36
-0.00974678532622
0.0117739892934
-0.00164195897328
3.43
-0.019254761833
0.0330040613482
-0.00368819951608
2.07
-0.0232274385308
-0.00925845134689
-0.016141194287
3.27
-0.0228607265708
-0.0131292734323
-0.0164340394124
3.27
-0.0228607265708
-0.0131292734323
-0.0164340394124
2.07
-0.0433942861663
-0.0328278605873
-0.0278477245032
2.1
-0.0703983052092
-0.0753994302455
-0.0346334449472
2.07
-0.0433942861663
-0.0328278605873
-0.0278477245032
2.07
-0.0433942861663
-0.0328278605873
-0.0278477245032
3.86
-0.0315324520573
-0.0213278570098
-0.0172368758331
3.86
-0.0315324520573
-0.0213278570098
-0.0172368758331
4.53
-0.162964425874
-0.104229568979
-0.077340614348
4.38
0.00158956310093
0.0183153552978
-0.0515229442475
4.3
0.00982008012927
-0.000334917553508
-0.205951309537
4.3
0.00982008012927
-0.000334917553508
-0.205951309537
4.41
-0.00412205947827
0.0189837591648
-0.0512675145362
4.41
-0.00412205947827
0.0189837591648
-0.0512675145362
4.38
0.00158956310093
0.0183153552978
-0.0515229442475
3.65
0.0865060589211
0.288896803713
-0.0741770511238
2.84
0.0241977104555
0.0693117713876
-0.0114007920835
2.84
0.0241977104555
0.0693117713876
-0.0114007920835
3.12
0.0796482398218
0.154986125164
-0.0251255459577
3.12
0.0796482398218
0.154986125164
-0.0251255459577
3.77
0.0479397209717
0.0818263008635
-0.015298609559
3.77
0.0479397209717
0.0818263008635
-0.015298609559
3.6
0.0267321293899
0.0487665737561
-0.0142330903843
3.6
0.0267321293899
0.0487665737561
-0.0142330903843
3.31
0.14622484427
0.308569882646
-0.0693384447179
3.31
0.14622484427
0.308569882646
-0.0693384447179
2.84
0.0756239905256
0.164927496297
-0.0353104038602
2.84
0.0756239905256
0.164927496297
-0.0353104038602
3.65
0.0865060589211
0.288896803713
-0.0741770511238
4.13
0.00497068564213
0.0439380342101
0.0232324971541
3.91
0.00582910048246
0.0390742647349
0.0248745747478
3.91
0.00582910048246
0.0390742647349
0.0248745747478
2.61
0.00527492327627
0.0376383710495
0.031034959511
2.61
0.00527492327627
0.0376383710495
0.031034959511
2.75
0.00627860677655
0.0175603404538
0.0145745673941
2.75
0.00627860677655
0.0175603404538
0.0145745673941
3.25
0.0304259898981
0.0724598496889
0.0428794486545
3.25
0.0304259898981
0.0724598496889
0.0428794486545
3.91
0.00582910048246
0.0390742647349
0.0248745747478
4.36
-0.0313191160906
-0.065811046999
-0.0837036969756
4.3
-0.0126807976376
-0.034264125068
-0.0397184418696
3.49
-0.000124880816358
-0.00103205985128
-0.00349608069853
2.04
-0.00443118563856
-0.00173033718372
-0.0289894912033
2.04
-0.00443118563856
-0.00173033718372
-0.0289894912033
3.56
-0.0297251202754
-0.00469709465898
-0.0835557368571
2.04
-0.00443118563856
-0.00173033718372
-0.0289894912033
3.46
-0.00734128081701
-0.00791703592131
-0.0344077884625
3.46
-0.00734128081701
-0.00791703592131
-0.0344077884625
3.6
-0.00675629750985
-0.010243867012
-0.032898228308
3.6
-0.00675629750985
-0.010243867012
-0.032898228308
3.74
-0.00724243802172
-0.0287957007204
-0.0736694004973
3.74
-0.00724243802172
-0.0287957007204
-0.0736694004973
4.88
0.00475049829507
-0.0725443273588
-0.144854804835
4.88
0.00475049829507
-0.0725443273588
-0.144854804835
4.83
0.00167210904423
-0.0132425721281
-0.0235094348756
4.83
0.00167210904423
-0.0132425721281
-0.0235094348756
4.24
0.0135880024316
-0.0649980786092
-0.117695032669
4.24
0.0135880024316
-0.0649980786092
-0.117695032669
4.74
0.00220030884972
-0.0111944214935
-0.0231625668218
4.74
0.00220030884972
-0.0111944214935
-0.0231625668218
3.49
-0.000124880816358
-0.00103205985128
-0.00349608069853
6.47
-0.0144346587086
-0.0665101343233
-0.108843115344
4.83
0.00167210904423
-0.0132425721281
-0.0235094348756
6.47
-0.0144346587086
-0.0665101343233
-0.108843115344
4.08
-0.0195131377348
-0.120000680176
-0.156801381067
4.08
-0.0195131377348
-0.120000680176
-0.156801381067
3.47
-0.00314528270926
-0.0160600972652
-0.019081734986
3.47
-0.00314528270926
-0.0160600972652
-0.019081734986
5.62
-0.011554357974
-0.095244764298
-0.0972510987174
5.62
-0.011554357974
-0.095244764298
-0.0972510987174
4.71
-0.0196231798854
-0.0939797034966
-0.0877091255612
4.71
-0.0196231798854
-0.0939797034966
-0.0877091255612
4.27
-0.00538156257666
-0.0178862453913
-0.0178457557588
4.27
-0.00538156257666
-0.0178862453913
-0.0178457557588
4.3
-0.0126807976376
-0.034264125068
-0.0397184418696
4.3
-0.0126807976376
-0.034264125068
-0.0397184418696
4.87
-0.0201507672483
-0.0725546317703
-0.0856241327872
4.87
-0.0201507672483
-0.0725546317703
-0.0856241327872
3.47
-0.00314528270926
-0.0160600972652
-0.019081734986
3.61
-0.0195049877284
-0.0382439014451
-0.0234125082819
2.01
-0.00945173244746
-0.0132892699071
-0.0119378253695
2.01
-0.00945173244746
-0.0132892699071
-0.0119378253695
2.64
-0.00860830608759
-0.0111157391707
-0.0116646343235
2.64
-0.00860830608759
-0.0111157391707
-0.0116646343235
3.88
-0.0286676129753
-0.0374253268201
-0.0412718743916
4.22
-0.0999492017557
0.186244241609
-0.00449132334135
5.38
-0.198292959856
0.382495629873
-0.0129506959845
5.38
-0.198292959856
0.382495629873
-0.0129506959845
5.08
-0.167303164819
0.477053066836
-0.0688347832008
5.08
-0.167303164819
0.477053066836
-0.0688347832008
4.67
-0.0268046728788
0.0852051663509
-0.00278973254992
4.67
-0.0268046728788
0.0852051663509
-0.00278973254992
3.85
-0.0215151753934
0.0488941622861
-0.000163342661445
3.85
-0.0215151753934
0.0488941622861
-0.000163342661445
4.22
-0.0999492017557
0.186244241609
-0.00449132334135
3.97
0.115361222995
-0.0282576467367
0.00810118700098
3.68
0.248964133672
-0.0667419488452
0.0260435815095
3.68
0.248964133672
-0.0667419488452
0.0260435815095
4.02
0.0597155017853
-0.0198984007044
0.0114670097972
3.78
-0.00501086179648
0.0262583745313
0.0484555735347
-0.05
-0.00104202341608
0.00387533763544
0.010515191882
-0.05
-0.00104202341608
0.00387533763544
0.010515191882
2.35
-0.0173842737996
0.021175515102
0.0581806765432
2.35
-0.0173842737996
0.021175515102
0.0581806765432
3.46
-0.0149864089441
0.0112470305551
0.0304943625639
3.46
-0.0149864089441
0.0112470305551
0.0304943625639
3.49
-0.0309721511112
0.0127537849777
0.0581061827267
3.49
-0.0309721511112
0.0127537849777
0.0581061827267
3.04
-0.00973079741011
0.00407781764477
0.0238904475977
3.04
-0.00973079741011
0.00407781764477
0.0238904475977
3.57
-0.0126646382902
0.0116881823357
0.0422400010651
3.57
-0.0126646382902
0.0116881823357
0.0422400010651
-0.05
-0.00104202341608
0.00387533763544
0.010515191882
-0.05
-0.00104202341608
0.00387533763544
0.010515191882
2.68
-0.000305109125262
0.00329616793032
0.010847900204
2.68
-0.000305109125262
0.00329616793032
0.010847900204
4.05
0.00166202397752
0.0226895295665
0.0717228306892
5.07
0.149543565608
-0.053333837149
-0.149188970101
4.44
0.0137925636028
-0.00609590552856
-0.0133393350984
4.44
0.0137925636028
-0.00609590552856
-0.0133393350984
5.04
0.0180845950449
-0.010475537643
-0.018110831459
4.05
0.0170036190165
0.00614181216883
-0.00718762476329
4.11
0.108362225821
0.0535122883472
-0.0381808607884
4.11
0.108362225821
0.0535122883472
-0.0381808607884
4.24
0.0679476524842
0.0413725972142
-0.0236296103766
4.03
0.0200982261921
-0.0706335833586
0.0544272160595
4.66
0.01654387263
-0.0368712329555
0.0269793367628
4.66
0.01654387263
-0.0368712329555
0.0269793367628
5.13
0.00424966110951
-0.0150339498442
0.00919048989671
4.66
0.01654387263
-0.0368712329555
0.0269793367628
3.94
0.0164588449165
-0.0309208275782
0.0226598408289
3.94
0.0164588449165
-0.0309208275782
0.0226598408289
3.53
0.0461196726385
-0.067727766219
0.0348615607575
3.94
0.0164588449165
-0.0309208275782
0.0226598408289
4.26
0.0263987245063
-0.0356629603787
0.0293871991791
3.58
-0.0156220395023
0.0259001589986
-0.0139822883039
3.05
-0.0460346463034
0.0825392665875
-0.0468531215103
3.05
-0.0460346463034
0.0825392665875
-0.0468531215103
4.08
-0.0200619889379
0.0329797506833
-0.0293948333598
4.08
-0.0200619889379
0.0329797506833
-0.0293948333598
4.28
-0.0277188186848
0.0416807061402
-0.0431599729688
4.28
-0.0277188186848
0.0416807061402
-0.0431599729688
3.69
-0.0178012409706
0.0245029649013
-0.0299429581826
3.69
-0.0178012409706
0.0245029649013
-0.0299429581826
2.85
-0.00501000690063
0.00650548460911
-0.00850675085356
4.28
-0.0277188186848
0.0416807061402
-0.0431599729688
3.77
-0.0401201644904
0.0788141701939
-0.0841851459272
3.77
-0.0401201644904
0.0788141701939
-0.0841851459272
4.08
-0.0200619889379
0.0329797506833
-0.0293948333598
3.05
-0.0460346463034
0.0825392665875
-0.0468531215103
4.13
-0.00408583938665
0.0112235141047
-0.0085198295746
4.08
-0.0200619889379
0.0329797506833
-0.0293948333598
4.12
-0.0486170317798
0.145606060794
-0.116448093929
1.67
0.0317359207513
0.00908718088987
-0.00848035801167
3.29
0.104528752809
0.0383841203778
-0.0220073622856
3.29
0.104528752809
0.0383841203778
-0.0220073622856
2.74
0.126329070186
0.044978266993
-0.011500242515
2.74
0.126329070186
0.044978266993
-0.011500242515
4.58
0.310971787526
0.100100651358
-0.00854038693098
4.58
0.310971787526
0.100100651358
-0.00854038693098
3.93
1.70801765736
0.621917518104
0.04098056593
3.93
1.70801765736
0.621917518104
0.04098056593
3.78
0.0281820918961
0.00925597768591
0.000310184453769
3.78
0.0281820918961
0.00925597768591
0.000310184453769
3.81
0.308246676117
0.0838580984295
-0.00499106682396
3.81
0.308246676117
0.0838580984295
-0.00499106682396
3.39
0.217063713346
0.0601215987024
-0.0149803663963
3.39
0.217063713346
0.0601215987024
-0.0149803663963
2.21
0.208434130431
0.0309987976922
-0.0259155932407
4.31
0.422954614589
0.04312733834
-0.0815610905441
1.86
0.188601650536
0.0141330149383
-0.0422790063258
1.86
0.188601650536
0.0141330149383
-0.0422790063258
-0.62
0.0856689003558
-0.0132437296678
-0.0409621214979
3.43
0.126163278967
0.0170369806298
-0.0164726873571
2.21
0.208434130431
0.0309987976922
-0.0259155932407
3.43
0.126163278967
0.0170369806298
-0.0164726873571
4.31
0.422954614589
0.04312733834
-0.0815610905441
-0.62
0.0856689003558
-0.0132437296678
-0.0409621214979
3.17
0.115471433735
-0.0376631285555
-0.0455012540647
1.86
0.188601650536
0.0141330149383
-0.0422790063258
2.21
0.414988616655
-0.103653919356
-0.03520923821
3.35
-0.103992221627
-0.0867817699892
0.00389351372366
2.66
-0.0242597839838
-0.0184075585916
-0.00125076017938
2.66
-0.0242597839838
-0.0184075585916
-0.00125076017938
2.15
-0.156496043936
-0.103884676375
-0.00704662194476
2.15
-0.156496043936
-0.103884676375
-0.00704662194476
2.24
-0.0594424879018
-0.0363071948212
-0.00769259705081
2.24
-0.0594424879018
-0.0363071948212
-0.00769259705081
2.28
-0.0147826637149
-0.00770457437333
-0.000954720535914
-0.01
0.000940466763428
0.000964882746968
-1.59834477191e-05
0.61
0.120077700435
0.107237291209
0.00351596648449
0.61
0.120077700435
0.107237291209
0.00351596648449
2.29
0.0869879326029
0.0734894700135
0.0174681491523
2.29
0.0869879326029
0.0734894700135
0.0174681491523
2.55
0.0821433118338
0.0795155376413
0.0289127994115
2.55
0.0821433118338
0.0795155376413
0.0289127994115
3.87
0.086398313487
0.0872655820142
0.0362565913681
3.87
0.086398313487
0.0872655820142
0.0362565913681
3.47
0.109360208116
0.106488267165
0.0529082547606
3.47
0.109360208116
0.106488267165
0.0529082547606
3.41
0.0977745941903
0.0957942385596
0.0495118656626
3.41
0.0977745941903
0.0957942385596
0.0495118656626
3.9
0.266645186553
0.233595259212
0.149206546253
3.9
0.266645186553
0.233595259212
0.149206546253
2.75
0.0125012191618
0.0102754375591
0.00781998616389
3.41
0.0977745941903
0.0957942385596
0.0495118656626
2.06
0.0110895325805
0.0129628830716
0.00762235869069
3.47
0.109360208116
0.106488267165
0.0529082547606
2.33
0.0548286111261
0.0721659851197
0.0271376164393
2.33
0.0548286111261
0.0721659851197
0.0271376164393
3.13
0.0873541867395
0.133857897746
0.0420933187658
2.55
0.0821433118338
0.0795155376413
0.0289127994115
2.2
0.0331830551224
0.0201397647552
0.00959142825342
2.2
0.0331830551224
0.0201397647552
0.00959142825342
3.91
0.115915839274
0.0645269472058
0.0293313832276
3.91
0.115915839274
0.0645269472058
0.0293313832276
2.58
0.106734992441
0.052049708579
0.0243073559671
2.58
0.106734992441
0.052049708579
0.0243073559671
4.62
0.130927334893
0.0523477285242
0.0171656474751
4.62
0.130927334893
0.0523477285242
0.0171656474751
3.11
0.114307529046
0.0520272330182
-0.00306358686502
3.39
-0.216862555399
-0.0503156964681
0.00647234977858
3.5
-0.0328177597221
-0.0126403861319
0.00380495106113
3.5
-0.0328177597221
-0.0126403861319
0.00380495106113
3.23
-0.168810659192
-0.0533528049491
0.0442270199812
3.23
-0.168810659192
-0.0533528049491
0.0442270199812
2.45
-0.0144985033081
-0.00281795270485
0.00238476238047
2.45
-0.0144985033081
-0.00281795270485
0.00238476238047
3.39
-0.216862555399
-0.0503156964681
0.00647234977858
3.5
-0.0328177597221
-0.0126403861319
0.00380495106113
3.21
-0.011636173916
-0.00644796053861
0.00364320795782
3.21
-0.011636173916
-0.00644796053861
0.00364320795782
3.23
-0.168810659192
-0.0533528049491
0.0442270199812
4.32
0.00138729416627
0.00221438511535
0.0140842445602
4.23
-0.00050463267642
0.000531715939046
0.0091255980661
4.23
-0.00050463267642
0.000531715939046
0.0091255980661
4.35
0.00169251928736
-0.00474125947929
0.0518940236836
4.24
-0.00147066958957
-0.0015300256573
0.00809752067589
2.89
-0.00579338217395
-0.00312006938666
0.0331367761974
2.65
-0.00520305657801
-0.052483605667
0.00622299412096
1.9
-0.00537766204664
-0.0241708767396
0.00454886893806
1.9
-0.00537766204664
-0.0241708767396
0.00454886893806
0.08
-0.00385927043212
-0.0123062655952
0.00103007845368
0.08
-0.00385927043212
-0.0123062655952
0.00103007845368
3.69
-0.0624384657293
-0.233329365048
-0.00180670320254
3.69
-0.0624384657293
-0.233329365048
-0.00180670320254
2.69
-0.0255186478255
-0.153979343072
-0.0168441176436
1.65
-0.0014030719735
-0.040066407363
-0.00262447447189
2.69
-0.0255186478255
-0.153979343072
-0.0168441176436
1.65
-0.0014030719735
-0.040066407363
-0.00262447447189
2.65
-0.00520305657801
-0.052483605667
0.00622299412096
3.85
0.0596947178102
-0.0330531570245
-0.0251651678839
4.37
0.0460973272136
-0.0241536345227
-0.0209091746247
4.37
0.0460973272136
-0.0241536345227
-0.0209091746247
4.36
0.206867201558
-0.113602054781
-0.113266752811
4.36
0.206867201558
-0.113602054781
-0.113266752811
3.12
0.0205971592748
-0.011257100336
-0.011989478538
3.12
0.0205971592748
-0.011257100336
-0.011989478538
3.96
0.135607257787
-0.0508182840006
-0.0745228422922
3.12
0.0205971592748
-0.011257100336
-0.011989478538
2.65
0.0616134191428
-0.037301363829
-0.0396899614194
2.65
0.0616134191428
-0.037301363829
-0.0396899614194
3.86
0.0630815467213
-0.0365822018799
-0.0436000327457
3.18
0.0116938167702
0.0114254154977
-0.00131302152307
4.48
0.0977539635592
0.121776759279
-0.00535219655456
3.18
0.0116938167702
0.0114254154977
-0.00131302152307
4.07
0.0186871444403
0.0229863140097
-0.000578751158048
4.08
0.0426114573747
-0.000705303910783
0.0322550140978
4.46
0.0669608333815
0.00559551003135
0.0462380859619
4.46
0.0669608333815
0.00559551003135
0.0462380859619
4.06
0.0194560595296
0.00184134157852
0.0167008388374
4.06
0.0194560595296
0.00184134157852
0.0167008388374
3.56
0.0439829553283
0.00158809931982
0.0403391347493
3.56
0.0439829553283
0.00158809931982
0.0403391347493
4.08
0.0426114573747
-0.000705303910783
0.0322550140978
3.56
0.0439829553283
0.00158809931982
0.0403391347493
4.81
0.076805534245
0.00139344255179
0.0811355230214
4.81
0.076805534245
0.00139344255179
0.0811355230214
4.7
0.061315114169
0.00455586563074
0.0703852835864
4.7
0.061315114169
0.00455586563074
0.0703852835864
5.17
0.061272399039
0.0158140731874
0.0605256599558
5.17
0.061272399039
0.0158140731874
0.0605256599558
4.71
0.0785359934323
0.0160279729886
0.0715011019179
4.71
0.0785359934323
0.0160279729886
0.0715011019179
4.06
0.0194560595296
0.00184134157852
0.0167008388374
5.11
0.00290833343397
0.0597286192365
-0.01606420543
5.36
0.00183409696346
0.124652161416
-0.0381696579016
5.36
0.00183409696346
0.124652161416
-0.0381696579016
4.83
0.000228022585288
0.028556456751
-0.0089038981938
4.83
0.000228022585288
0.028556456751
-0.0089038981938
4.23
-4.69767102655e-05
0.0169440812412
-0.0057471635715
4.23
-4.69767102655e-05
0.0169440812412
-0.0057471635715
4.11
0.000299891652798
0.037458017641
-0.0133333569403
4.11
0.000299891652798
0.037458017641
-0.0133333569403
4.1
0.00474879471959
0.146131991304
-0.0537129124393
4.1
0.00474879471959
0.146131991304
-0.0537129124393
4.57
0.00275058536655
0.0501780018067
-0.0185330970141
4.57
0.00275058536655
0.0501780018067
-0.0185330970141
4.74
0.00469914306601
0.0527870651271
-0.0191158894034
4.74
0.00469914306601
0.0527870651271
-0.0191158894034
5.35
0.0096348767174
0.0894406975546
-0.0307143374729
5.11
0.00290833343397
0.0597286192365
-0.01606420543
5.16
0.00572295826133
0.065302849994
-0.0158022011136
4.14
-0.0419886639309
0.0356278993406
0.0778151729348
3.66
-0.0141046346225
0.0138186106473
0.0288558304689
3.66
-0.0141046346225
0.0138186106473
0.0288558304689
2.22
-0.00903673515966
0.010082313626
0.0184805276169
2.22
-0.00903673515966
0.010082313626
0.0184805276169
3.81
-0.018264430495
0.02046987927
0.0350174186787
3.81
-0.018264430495
0.02046987927
0.0350174186787
4.59
-0.0216000072945
0.024094516494
0.0390768714637
4.59
-0.0216000072945
0.024094516494
0.0390768714637
4.14
-0.0320311644808
0.0335738069031
0.0529729879998
4.14
-0.0320311644808
0.0335738069031
0.0529729879998
4.98
-0.0533048741942
0.0474854818799
0.0805645978908
4.3
0.0112642332234
0.00553761553294
0.0131906846575
2.94
0.0168859920437
0.00804414189109
0.0193982282496
2.94
0.0168859920437
0.00804414189109
0.0193982282496
2.58
0.0336666299429
0.0129130818641
0.0354362997578
2.58
0.0336666299429
0.0129130818641
0.0354362997578
3.02
0.0674253271782
0.0253303060896
0.0588687265919
3.02
0.0674253271782
0.0253303060896
0.0588687265919
4.02
0.0110197580555
0.00415489544875
0.00891185813412
3.02
0.0674253271782
0.0253303060896
0.0588687265919
2.65
0.0293052679824
0.0154992757369
0.0271414682902
2.65
0.0293052679824
0.0154992757369
0.0271414682902
2.94
0.0168859920437
0.00804414189109
0.0193982282496
1.59
0.0231961544582
0.0134837961649
0.0026542763645
0.77
0.0850443885823
0.04935121132
-0.000622482465745
1.25
0.0910752977773
0.0579370118243
0.00599631840057
2.79
0.0981179336273
0.0526742142077
0.0073792001626
3.8
-0.0357743609034
0.00350659374894
0.0115777833537
3.76
-0.0359701236347
0.00402713177934
0.0100028792635
3.76
-0.0359701236347
0.00402713177934
0.0100028792635
2.86
-0.050603989181
0.010102906607
0.00932479317433
2.86
-0.050603989181
0.010102906607
0.00932479317433
2.23
-0.457085933843
0.0959183848859
0.0152248018868
2.23
-0.457085933843
0.0959183848859
0.0152248018868
1.25
-0.984578610115
0.0985391081592
0.0345116512697
2.23
-0.457085933843
0.0959183848859
0.0152248018868
2.48
-0.0213271647979
0.00533669710296
-0.00220034011815
2.48
-0.0213271647979
0.00533669710296
-0.00220034011815
3.21
-0.0439637525495
0.0103490103057
-0.00997345691972
3.21
-0.0439637525495
0.0103490103057
-0.00997345691972
4.49
-0.0209770606314
0.00347837923425
-0.00704897415344
2.23
-0.457085933843
0.0959183848859
0.0152248018868
3.89
-0.0403408678897
0.0138783143642
0.00250811600275
3.89
-0.0403408678897
0.0138783143642
0.00250811600275
3.05
-0.104140950764
0.0551173820828
0.009421198899
4.03
-0.0868025840731
0.0598395640609
-0.0314158930206
3.64
-0.0246150046246
0.0148598393679
-0.00805518421337
3.64
-0.0246150046246
0.0148598393679
-0.00805518421337
5.99
-0.333417829417
0.191245318655
-0.104811346539
5.99
-0.333417829417
0.191245318655
-0.104811346539
4.27
-0.026205274641
0.0142319815655
-0.00887736506803
4.27
-0.026205274641
0.0142319815655
-0.00887736506803
4.43
-0.0518565190123
0.0297760317255
-0.0177744769003
4.43
-0.0518565190123
0.0297760317255
-0.0177744769003
3.64
-0.0246150046246
0.0148598393679
-0.00805518421337
4.34
0.0378074063999
0.00362316222799
-0.0231581023906
4.65
0.0234960898253
0.000971385265923
-0.0138078458947
4.65
0.0234960898253
0.000971385265923
-0.0138078458947
3.76
0.267650692134
0.00810169337878
-0.172399136959
3.76
0.267650692134
0.00810169337878
-0.172399136959
4.34
0.0378074063999
0.00362316222799
-0.0231581023906
3.76
0.267650692134
0.00810169337878
-0.172399136959
3.3
0.0401720354213
-0.00434099053884
-0.0356418778193
3.3
0.0401720354213
-0.00434099053884
-0.0356418778193
4.26
0.0141821812866
-0.00254288451431
-0.0143006155412
3.73
-0.0294239885798
0.00248803740427
0.0172064366711
2.24
-0.0387736852428
0.0074982509657
0.0220870480341
2.24
-0.0387736852428
0.0074982509657
0.0220870480341
2.79
-0.0911224088422
0.0167586853281
0.0608838628804
2.79
-0.0911224088422
0.0167586853281
0.0608838628804
4.86
-0.0254688768006
0.00311844077643
0.0167407595277
4.86
-0.0254688768006
0.00311844077643
0.0167407595277
3.73
-0.0294239885798
0.00248803740427
0.0172064366711
3.73
-0.0294239885798
0.00248803740427
0.0172064366711
3.07
-0.0279673687707
-0.00425760707592
0.0120049353545
3.07
-0.0279673687707
-0.00425760707592
0.0120049353545
3.84
-0.0407469734545
-0.00898210055874
0.0158742154996
3.84
-0.0407469734545
-0.00898210055874
0.0158742154996
3.55
-0.0069152639371
-0.00165463540742
0.00378978797622
3.55
-0.0069152639371
-0.00165463540742
0.00378978797622
3.17
-0.084817468368
-0.00892939308558
0.0598076704379
3.17
-0.084817468368
-0.00892939308558
0.0598076704379
2.73
-0.0202932042631
-0.000916009716982
0.0176281401588
2.73
-0.0202932042631
-0.000916009716982
0.0176281401588
4.01
-0.0149028750806
-4.94493248497e-05
0.0146885145198
4.01
-0.0149028750806
-4.94493248497e-05
0.0146885145198
3.29
-0.0206566816683
-0.00143397378949
0.0235097619278
3.29
-0.0206566816683
-0.00143397378949
0.0235097619278
3.67
-0.0558616809813
-0.0209122116062
0.0735504457734
3.67
-0.0558616809813
-0.0209122116062
0.0735504457734
3.85
-0.0846512386205
-0.0597488482378
0.112128978995
3.85
-0.0846512386205
-0.0597488482378
0.112128978995
3.82
-0.0518764686388
-0.0483445048879
0.0739560064432
4.95
0.0680729038209
0.115533855885
-0.00593416731873
4.01
0.0175643547946
0.0349250523634
6.85475225476e-06
4.01
0.0175643547946
0.0349250523634
6.85475225476e-06
4.46
0.0498381472203
0.111937605384
0.00209613677533
4.46
0.0498381472203
0.111937605384
0.00209613677533
4.65
0.0313648431546
0.0589057875596
0.00293777194512
4.65
0.0313648431546
0.0589057875596
0.00293777194512
4.01
0.0175643547946
0.0349250523634
6.85475225476e-06
4.65
0.0313648431546
0.0589057875596
0.00293777194512
4.95
0.0680729038209
0.115533855885
-0.00593416731873
0.45
0.0213511443711
0.00812813136242
-0.0377112857405
3.69
0.00788517349358
0.00151300918439
-0.0155331952386
3.69
0.00788517349358
0.00151300918439
-0.0155331952386
3.56
0.0230511296175
0.00215943992168
-0.0414566483977
3.56
0.0230511296175
0.00215943992168
-0.0414566483977
4.24
0.0753933470801
-0.00378759305737
-0.143421262387
4.24
0.0753933470801
-0.00378759305737
-0.143421262387
4.74
0.0175013318242
-0.00446989312586
-0.0354216722885
4.74
0.0175013318242
-0.00446989312586
-0.0354216722885
4.11
0.0182474256924
-0.00689615334389
-0.0401111590211
4.11
0.0182474256924
-0.00689615334389
-0.0401111590211
2.88
0.0223922953298
-0.0091127755292
-0.0431443716219
2.88
0.0223922953298
-0.0091127755292
-0.0431443716219
4.26
0.00319273430492
-0.00111519187208
-0.00502840309795
4.26
0.00319273430492
-0.00111519187208
-0.00502840309795
4.3
0.0266768212851
-0.0152956023051
-0.0387023079176
4.3
0.0266768212851
-0.0152956023051
-0.0387023079176
4.17
0.0340039620447
-0.0213426943237
-0.0502906626137
4.17
0.0340039620447
-0.0213426943237
-0.0502906626137
3.55
0.0313166232046
-0.0221939590898
-0.0390200831057
3.55
0.0313166232046
-0.0221939590898
-0.0390200831057
3.97
0.0492237600339
-0.0342463791078
-0.0583685316816
3.97
0.0492237600339
-0.0342463791078
-0.0583685316816
3.81
0.0373810482483
-0.0302569891192
-0.0422586623087
3.81
0.0373810482483
-0.0302569891192
-0.0422586623087
4.22
0.00694286021999
-0.00909694062952
-0.013795833285
4.22
0.00694286021999
-0.00909694062952
-0.013795833285
4.26
0.0303084256811
-0.0457557102253
-0.0722655263301
4.26
0.0303084256811
-0.0457557102253
-0.0722655263301
3.7
0.0235230468669
-0.0375151198505
-0.0656369582927
3.7
0.0235230468669
-0.0375151198505
-0.0656369582927
4.08
0.00723301646245
-0.0109118069433
-0.0229485627045
4.08
0.00723301646245
-0.0109118069433
-0.0229485627045
4.47
0.00229286050509
-0.00602535441007
-0.0123983305649
4.47
0.00229286050509
-0.00602535441007
-0.0123983305649
3.89
0.00289485802834
-0.0230577758823
-0.0335751707436
3.89
0.00289485802834
-0.0230577758823
-0.0335751707436
4.8
0.00461629635089
-0.0225315255797
-0.0287167837218
4.8
0.00461629635089
-0.0225315255797
-0.0287167837218
3.72
0.000587323527207
-0.00206940285448
-0.00239338286185
3.72
0.000587323527207
-0.00206940285448
-0.00239338286185
3.52
0.00195047288477
-0.00597198161242
-0.00650469360588
3.52
0.00195047288477
-0.00597198161242
-0.00650469360588
3.93
0.0507820011653
-0.144915382189
-0.0936426318743
3.93
0.0507820011653
-0.144915382189
-0.0936426318743
4.01
0.0498725685657
-0.133179476434
-0.0799252656785
4.01
0.0498725685657
-0.133179476434
-0.0799252656785
4.36
0.0245293984765
-0.0557518991288
-0.0334554952309
4.36
0.0245293984765
-0.0557518991288
-0.0334554952309
2.78
0.010538155936
-0.0222556664846
-0.0116481443476
2.78
0.010538155936
-0.0222556664846
-0.0116481443476
4.25
0.233914390621
-0.419568245832
-0.241448342845
4.25
0.233914390621
-0.419568245832
-0.241448342845
3.86
0.0141116831163
-0.0231915985641
-0.0196486287615
4.39
-0.115762137358
0.0838066136223
-0.00649434808361
3.68
-0.113367356456
0.077140254973
-0.00810664518459
3.68
-0.113367356456
0.077140254973
-0.00810664518459
4.39
-0.118008816339
0.0843182135337
-0.00541872956077
3.68
-0.113367356456
0.077140254973
-0.00810664518459
3.51
-0.070944727056
0.0443883638984
-0.00762673206978
3.51
-0.070944727056
0.0443883638984
-0.00762673206978
5.09
-0.0423281923111
0.0252469831795
-0.00538049945207
4.45
0.017828008032
-0.0140351839503
-0.0465513880017
3.8
0.00511078020708
-0.00515910451701
-0.0121004769438
1.93
0.00924549402815
-0.0306736162767
0.00249464304153
4.01
0.0951777644847
-0.337554368247
0.0739272945212
4.01
0.0951777644847
-0.337554368247
0.0739272945212
3.5
0.00477669658716
-0.0166749031656
0.0049361414042
3.5
0.00477669658716
-0.0166749031656
0.0049361414042
3.58
0.010047394834
-0.0262884614095
0.00661512930191
3.58
0.010047394834
-0.0262884614095
0.00661512930191
3.35
0.00619124415762
-0.0163506775061
0.00137658090997
3.5
0.00477669658716
-0.0166749031656
0.0049361414042
4.06
0.0150078047813
-0.067111446439
0.0264825534581
4.06
0.0150078047813
-0.067111446439
0.0264825534581
3.57
0.0111416964157
-0.039248387459
0.0164609272664
4.06
0.0150078047813
-0.067111446439
0.0264825534581
1.16
0.00200944296873
-0.00927110044172
0.00410634991687
4.06
0.0150078047813
-0.067111446439
0.0264825534581
3.78
0.00685844415301
-0.0357960389585
0.0127412880098
3.78
0.00685844415301
-0.0357960389585
0.0127412880098
4.41
0.0111042521559
-0.0876699314319
0.0273534694084
4.41
0.0111042521559
-0.0876699314319
0.0273534694084
1.58
0.00189133675055
-0.0144813797021
0.0060431225641
4.41
0.0111042521559
-0.0876699314319
0.0273534694084
3.6
0.00213865838697
-0.0581798864903
0.0156165580722
4.41
0.0111042521559
-0.0876699314319
0.0273534694084
3.06
0.0452447869352
-0.269331759855
0.0463348285423
3.06
0.0452447869352
-0.269331759855
0.0463348285423
4.13
0.0330462333117
-0.150044251612
0.0116748903089
3.06
0.0452447869352
-0.269331759855
0.0463348285423
2.87
0.011975799061
-0.0698661703886
0.00516710732795
2.87
0.011975799061
-0.0698661703886
0.00516710732795
3.31
0.0164620150637
-0.105688589567
0.00470468589713
3.31
0.0164620150637
-0.105688589567
0.00470468589713
4.16
0.00562535105225
-0.0458634222736
0.000576756284296
4.21
-0.818108131707
-1.02841429123
0.0660686725817
4.95
-0.0628736432365
-0.0812803831953
0.0133771301252
4.95
-0.0628736432365
-0.0812803831953
0.0133771301252
4.26
-1.21132246619
-1.67126137209
0.516254369374
4.21
-0.818108131707
-1.02841429123
0.0660686725817
4.59
-0.0690903612581
-0.0723346422729
0.0235988620369
4.59
-0.0690903612581
-0.0723346422729
0.0235988620369
4.26
-1.21132246619
-1.67126137209
0.516254369374
4.59
-0.0690903612581
-0.0723346422729
0.0235988620369
5.08
-0.0139914855844
-0.0133866589026
0.00807948958387
4.08
0.0534730269089
-0.0554075624516
-0.00654198704403
4.11
0.091723035647
-0.0818606137202
-0.00947310558107
4.11
0.091723035647
-0.0818606137202
-0.00947310558107
4.36
0.703963984992
-0.618382132144
-0.109702718717
4.36
0.703963984992
-0.618382132144
-0.109702718717
-1.44
0.00191258033989
-0.00176919202104
-0.000407539101839
-1.44
0.00191258033989
-0.00176919202104
-0.000407539101839
3.02
0.642659063421
-0.440785876414
-0.112687086035
3.02
0.642659063421
-0.440785876414
-0.112687086035
1.83
0.463206258238
-0.284771824567
-0.0789992186926
1.83
0.463206258238
-0.284771824567
-0.0789992186926
4.01
0.241956925676
-0.143051980074
-0.035270417087
4.01
0.241956925676
-0.143051980074
-0.035270417087
2.45
0.864965919835
-0.448039323716
-0.110740702388
1.5
0.111981461645
-0.065093543204
-0.0259518319943
3.49
0.315266383005
-0.188168871276
-0.0665493097544
3.49
0.315266383005
-0.188168871276
-0.0665493097544
1.83
0.463206258238
-0.284771824567
-0.0789992186926
3.49
0.315266383005
-0.188168871276
-0.0665493097544
3.89
0.488494671626
-0.342259210331
-0.107429264894
3.89
0.488494671626
-0.342259210331
-0.107429264894
3.95
0.0145857377834
-0.0128191394399
-0.00405533378381
3.95
0.0145857377834
-0.0128191394399
-0.00405533378381
4.54
0.0966613740239
-0.075549043919
-0.0298524961348
3.95
0.0145857377834
-0.0128191394399
-0.00405533378381
1.98
0.106868803027
-0.102986519188
-0.037742527878
3.95
0.0145857377834
-0.0128191394399
-0.00405533378381
-1.44
0.00191258033989
-0.00176919202104
-0.000407539101839
1.5
0.111981461645
-0.065093543204
-0.0259518319943
3.5
0.207662551413
-0.108770189993
-0.0606020700808
3.02
0.0820140126341
-0.0522044550562
-0.0343004171225
1.5
0.111981461645
-0.065093543204
-0.0259518319943
4.36
0.703963984992
-0.618382132144
-0.109702718717
4.08
0.0534730269089
-0.0554075624516
-0.00654198704403
1.85
-0.0126661795513
-0.00239228748621
0.0280540877879
2.23
-0.0104900741156
-0.00447666927313
0.0210753581598
2.23
-0.0104900741156
-0.00447666927313
0.0210753581598
1.76
-0.0101291220966
-0.00637372326366
0.0217372022388
1.76
-0.0101291220966
-0.00637372326366
0.0217372022388
3.32
-0.00935623948861
-0.00859344720721
0.0214954384124
3.32
-0.00935623948861
-0.00859344720721
0.0214954384124
1.81
-0.0144044596287
-0.0190107353771
0.0294632393088
1.81
-0.0144044596287
-0.0190107353771
0.0294632393088
2.34
-0.00719311236047
-0.0120503421733
0.0198973934174
2.34
-0.00719311236047
-0.0120503421733
0.0198973934174
2.41
-0.00775673499331
-0.00952423639053
0.0225149165925
2.41
-0.00775673499331
-0.00952423639053
0.0225149165925
3.32
-0.00935623948861
-0.00859344720721
0.0214954384124
2.41
-0.00775673499331
-0.00952423639053
0.0225149165925
3.69
-0.0122346213126
-0.0214667305347
0.054781759999
3.69
-0.0122346213126
-0.0214667305347
0.054781759999
3.0
-0.00497338060164
-0.0196599976296
0.0401992452371
3.0
-0.00497338060164
-0.0196599976296
0.0401992452371
3.45
-0.0016979626395
-0.0235230059778
0.0337858424927
3.0
-0.00497338060164
-0.0196599976296
0.0401992452371
3.06
-0.00154603149279
-0.0422271165617
0.0635040187857
2.34
-0.00719311236047
-0.0120503421733
0.0198973934174
4.55
-0.0295296517557
-0.0851226135099
0.0990100916257
4.55
-0.0295296517557
-0.0851226135099
0.0990100916257
3.17
-0.00236642874492
-0.00912555372774
0.00964371532671
3.17
-0.00236642874492
-0.00912555372774
0.00964371532671
3.57
-0.0124394935188
-0.0961393725134
0.0861684828496
3.17
-0.00236642874492
-0.00912555372774
0.00964371532671
3.12
-0.00163448805973
-0.0109528182365
0.00957110542305
4.55
-0.0295296517557
-0.0851226135099
0.0990100916257
3.78
-0.0107036080032
-0.0222510277113
0.0251899796421
3.78
-0.0107036080032
-0.0222510277113
0.0251899796421
3.35
-0.0186789716195
-0.0419071947839
0.0326386760522
3.35
-0.0186789716195
-0.0419071947839
0.0326386760522
3.65
-0.00846827552108
-0.0150531613294
0.0154119241621
3.65
-0.00846827552108
-0.0150531613294
0.0154119241621
1.81
-0.0144044596287
-0.0190107353771
0.0294632393088
4.28
0.00373612756062
0.0179493354061
-0.0364482657394
3.97
0.00534825640986
0.0490147040499
-0.0760823409699
3.97
0.00534825640986
0.0490147040499
-0.0760823409699
1.73
0.00328947075786
0.018652617748
-0.0246602689608
1.73
0.00328947075786
0.018652617748
-0.0246602689608
2.07
0.00657088046018
0.0268873548465
-0.0442161091139
2.07
0.00657088046018
0.0268873548465
-0.0442161091139
3.88
0.0069998446425
0.0248450918059
-0.0505079385922
3.88
0.0069998446425
0.0248450918059
-0.0505079385922
4.28
0.00373612756062
0.0179493354061
-0.0364482657394
2.07
0.00657088046018
0.0268873548465
-0.0442161091139
4.11
0.0081680553268
0.0168299437385
-0.028981321126
2.07
0.00657088046018
0.0268873548465
-0.0442161091139
3.49
0.00810379020251
0.0203688928549
-0.0331534573132
1.73
0.00328947075786
0.018652617748
-0.0246602689608
4.47
-0.00173471629881
0.0448433284047
-0.0610350468306
4.47
-0.00173471629881
0.0448433284047
-0.0610350468306
3.0
-0.00412343281805
0.0385410278097
-0.0486814111601
3.82
-0.123770692631
0.0394481710929
0.0788750019786
3.86
-0.164220698765
0.0827531523504
0.0913646779081
3.86
-0.164220698765
0.0827531523504
0.0913646779081
4.15
-0.0910151358678
0.0495361447943
0.0665507717798
4.15
-0.0910151358678
0.0495361447943
0.0665507717798
4.64
-0.0397085468625
0.0216975180033
0.0304219168229
4.64
-0.0397085468625
0.0216975180033
0.0304219168229
3.16
-0.0809645731085
0.045508200244
0.0634572938485
3.16
-0.0809645731085
0.045508200244
0.0634572938485
3.48
-0.0229843927354
0.012076790738
0.0224935560344
3.48
-0.0229843927354
0.012076790738
0.0224935560344
4.2
-0.0626557188561
0.0267108246459
0.0628496592461
4.2
-0.0626557188561
0.0267108246459
0.0628496592461
3.91
-0.0649850766809
0.0205076888628
0.0682312839247
3.91
-0.0649850766809
0.0205076888628
0.0682312839247
4.6
-0.00936522666828
0.00384153659667
0.0122003727807
3.48
-0.0229843927354
0.012076790738
0.0224935560344
2.81
-0.00654713981374
0.00499468656472
0.00698096543047
2.81
-0.00654713981374
0.00499468656472
0.00698096543047
2.78
-0.021778921129
0.0268873220786
0.0292537294385
2.78
-0.021778921129
0.0268873220786
0.0292537294385
3.74
-0.0259845305661
0.0367554783122
0.0395446597388
2.81
-0.00654713981374
0.00499468656472
0.00698096543047
3.92
-0.0321070461812
0.0243232819309
0.0294541246998
3.92
-0.0321070461812
0.0243232819309
0.0294541246998
4.41
-0.0752745963664
0.0643300443098
0.0536374967762
4.41
-0.0752745963664
0.0643300443098
0.0536374967762
3.12
-0.0149772029877
0.0140526906395
0.0125476880233
3.42
-0.00600358143632
0.00461694186343
0.00363291005281
3.7
-0.0310474411835
0.0218126218799
0.016707641017
3.7
-0.0310474411835
0.0218126218799
0.016707641017
3.84
-0.0813015409713
0.0565351366939
0.0391828258153
3.7
-0.0310474411835
0.0218126218799
0.016707641017
3.42
-0.00600358143632
0.00461694186343
0.00363291005281
3.92
-0.0321070461812
0.0243232819309
0.0294541246998
3.16
-0.0809645731085
0.045508200244
0.0634572938485
3.85
0.0227671472948
-0.00972065642739
-0.0260087069025
5.21
0.0271309204794
0.00210224586176
-0.0405136138236
5.21
0.0271309204794
0.00210224586176
-0.0405136138236
5.12
0.0267387478595
0.00348700807805
-0.0325228746129
4.3
0.0878627388265
-0.0933975156218
0.0634321739431
4.45
0.0662916765752
-0.071805290939
0.0462252836524
4.45
0.0662916765752
-0.071805290939
0.0462252836524
4.14
0.0318446776352
-0.0376098105688
0.0242293811932
4.14
0.0318446776352
-0.0376098105688
0.0242293811932
3.38
0.0237531698562
-0.0275977926986
0.0197889797211
3.38
0.0237531698562
-0.0275977926986
0.0197889797211
4.35
0.0601777959468
-0.0679660721954
0.0495319606258
4.35
0.0601777959468
-0.0679660721954
0.0495319606258
4.3
0.0878627388265
-0.0933975156218
0.0634321739431
4.35
0.0601777959468
-0.0679660721954
0.0495319606258
3.11
0.0269017456461
-0.0295202886023
0.0232439103197
3.11
0.0269017456461
-0.0295202886023
0.0232439103197
3.89
0.0250238015412
-0.0219281502743
0.0212206870845
3.89
0.0250238015412
-0.0219281502743
0.0212206870845
4.54
0.0953059287373
-0.0663534160646
0.0793446659035
4.54
0.0953059287373
-0.0663534160646
0.0793446659035
4.59
0.0119408219594
-0.00798441359513
0.00927745827112
4.59
0.0119408219594
-0.00798441359513
0.00927745827112
1.99
0.0417503349392
-0.0226797789524
0.0263860447872
1.99
0.0417503349392
-0.0226797789524
0.0263860447872
4.11
0.0691733862681
-0.0235012216499
0.0412396226428
4.11
0.0691733862681
-0.0235012216499
0.0412396226428
3.61
0.0277135912985
-0.00847037570603
0.0199137599524
3.61
0.0277135912985
-0.00847037570603
0.0199137599524
3.83
0.0623860334789
-0.0110151114918
0.0421709968305
3.83
0.0623860334789
-0.0110151114918
0.0421709968305
3.11
0.0335494529232
-0.00290436662055
0.0258964154803
3.11
0.0335494529232
-0.00290436662055
0.0258964154803
3.54
0.0339056380328
0.00850054131805
0.0186844815816
3.54
0.0339056380328
0.00850054131805
0.0186844815816
4.29
0.0938428217364
0.0328117326962
0.0515451441864
4.29
0.0938428217364
0.0328117326962
0.0515451441864
4.94
0.0428453905075
0.0337026660961
0.0450545587752
4.94
0.0428453905075
0.0337026660961
0.0450545587752
2.99
0.023631029774
0.0206136045315
0.025633653318
2.82
0.00471859791473
0.00327609097753
-0.00478299822279
3.26
0.0490178683029
0.0170020839343
-0.0402417421159
3.26
0.0490178683029
0.0170020839343
-0.0402417421159
4.12
0.0309905484284
0.0106445406225
-0.0337142385375
4.12
0.0309905484284
0.0106445406225
-0.0337142385375
4.08
0.0266855376333
0.0103773803721
-0.0300320745048
4.08
0.0266855376333
0.0103773803721
-0.0300320745048
2.86
0.0121872842131
0.00430276406282
-0.0176333228215
4.39
0.00608608165121
0.0207933912518
-0.0204308809637
3.11
0.00319885828557
0.0245187351732
-0.0187741610854
3.11
0.00319885828557
0.0245187351732
-0.0187741610854
3.67
0.0535565667163
0.133614759439
-0.115955516558
3.67
0.0535565667163
0.133614759439
-0.115955516558
4.39
0.00608608165121
0.0207933912518
-0.0204308809637
4.14
-0.185127384878
-0.00622419026546
-0.0516851946366
4.52
-0.406599812528
-0.0525473150248
-0.0919596479623
4.52
-0.406599812528
-0.0525473150248
-0.0919596479623
4.34
-0.348069951453
-0.0592674160768
-0.053718736913
4.34
-0.348069951453
-0.0592674160768
-0.053718736913
4.55
-0.635301957779
-0.110859172366
-0.0758810395093
4.55
-0.635301957779
-0.110859172366
-0.0758810395093
4.42
-0.0509112139634
-0.010130086506
-0.00390893279987
4.42
-0.0509112139634
-0.010130086506
-0.00390893279987
3.76
-0.0305793028177
-0.00608796050329
-0.00360649454864
3.76
-0.0305793028177
-0.00608796050329
-0.00360649454864
4.34
-0.348069951453
-0.0592674160768
-0.053718736913
3.99
0.109623044156
-0.160072413339
-0.0376379899304
3.76
0.125203232468
-0.168209574014
-0.0302690708398
3.76
0.125203232468
-0.168209574014
-0.0302690708398
4.15
0.0668910746862
-0.0930724019355
0.0086543074493
4.15
0.0668910746862
-0.0930724019355
0.0086543074493
4.39
0.0170221108243
-0.0354090191895
-0.00277009009623
4.39
0.0170221108243
-0.0354090191895
-0.00277009009623
5.7
0.0805219509434
-0.166522698155
-0.026906422026
4.15
0.0668910746862
-0.0930724019355
0.0086543074493
4.36
0.384979525369
-0.388730650122
0.153329140135
4.36
0.384979525369
-0.388730650122
0.153329140135
3.94
0.0322343856331
-0.0298637311494
0.00502366171371
4.67
0.03317585431
-0.0374871788233
-0.0149593362536
3.71
0.00912537274549
-0.0109700123769
-0.00476652893466
3.71
0.00912537274549
-0.0109700123769
-0.00476652893466
3.55
0.0127662862183
-0.0155423184149
-0.00765093550689
3.55
0.0127662862183
-0.0155423184149
-0.00765093550689
2.58
0.233572721585
-0.269196074456
-0.167264961153
2.58
0.233572721585
-0.269196074456
-0.167264961153
3.29
0.0299540141123
-0.03939078424
-0.0273251480281
2.58
0.233572721585
-0.269196074456
-0.167264961153
3.76
0.0228594307492
-0.0222031385065
-0.0130168382846
3.76
0.0228594307492
-0.0222031385065
-0.0130168382846
3.59
0.00595998638167
-0.00559763143362
-0.00368720456434
3.59
0.00595998638167
-0.00559763143362
-0.00368720456434
2.81
0.0299129092656
-0.0314542527757
-0.0223093484971
2.81
0.0299129092656
-0.0314542527757
-0.0223093484971
3.19
0.0400522072744
-0.0425817822686
-0.0375745701042
2.58
0.233572721585
-0.269196074456
-0.167264961153
2.81
0.0299129092656
-0.0314542527757
-0.0223093484971
3.29
0.0299540141123
-0.03939078424
-0.0273251480281
4.29
0.169061837299
-0.243012484226
-0.145893149074
3.29
0.0299540141123
-0.03939078424
-0.0273251480281
4.36
0.0847743218528
-0.126255736472
-0.0793358259558
3.19
0.0400522072744
-0.0425817822686
-0.0375745701042
3.29
0.0299540141123
-0.03939078424
-0.0273251480281
4.36
0.0847743218528
-0.126255736472
-0.0793358259558
4.45
0.0354503328849
-0.0552769552835
-0.0339174746208
4.29
0.169061837299
-0.243012484226
-0.145893149074
5.29
0.0512159893657
-0.0759385477217
-0.0442620626064
2.14
0.00344138257149
-0.0012091846861
0.0104744335801
3.33
0.0192346965454
-0.0132829012736
0.0491951348715
3.33
0.0192346965454
-0.0132829012736
0.0491951348715
1.36
0.0113077439259
-0.0107579332554
0.0179129413319
1.36
0.0113077439259
-0.0107579332554
0.0179129413319
3.48
0.263206294224
-0.318953703363
0.506139414378
3.48
0.263206294224
-0.318953703363
0.506139414378
2.01
0.0132721704136
-0.0179025445731
0.0314197472607
2.01
0.0132721704136
-0.0179025445731
0.0314197472607
2.56
0.00485624737781
-0.00498882190028
0.0162654705574
2.56
0.00485624737781
-0.00498882190028
0.0162654705574
2.14
0.00344138257149
-0.0012091846861
0.0104744335801
2.01
0.0132721704136
-0.0179025445731
0.0314197472607
3.43
0.0230162859109
-0.0395019074411
0.0651831991016
3.43
0.0230162859109
-0.0395019074411
0.0651831991016
3.88
0.0106267110376
-0.023817426506
0.0313537731449
3.88
0.0106267110376
-0.023817426506
0.0313537731449
2.97
0.023110989186
-0.045718481773
0.0573041842878
2.56
0.00485624737781
-0.00498882190028
0.0162654705574
3.33
0.0192346965454
-0.0132829012736
0.0491951348715
3.97
0.0201802139476
0.0572091837928
0.0171867806706
5.72
0.0166398978634
0.0482374798789
0.0101631865011
5.72
0.0166398978634
0.0482374798789
0.0101631865011
3.42
0.0537649323796
0.13842736477
0.0288899544606
3.42
0.0537649323796
0.13842736477
0.0288899544606
3.97
0.0201802139476
0.0572091837928
0.0171867806706
3.42
0.0537649323796
0.13842736477
0.0288899544606
2.8
0.0767464308534
0.151893081886
0.0358360672828
2.8
0.0767464308534
0.151893081886
0.0358360672828
3.22
0.0729269665211
0.133324766446
0.0373724475862
3.22
0.0729269665211
0.133324766446
0.0373724475862
3.57
0.0419347188452
0.0858263523122
0.0299223435614
3.22
0.0729269665211
0.133324766446
0.0373724475862
2.68
0.0865567374669
0.129552213125
0.0385847777545
2.8
0.0767464308534
0.151893081886
0.0358360672828
4.34
0.0316980464446
0.0616306445755
0.0127758885612
4.34
0.0316980464446
0.0616306445755
0.0127758885612
3.41
0.0209889300052
0.0286346025294
0.00309606326411
3.41
0.0209889300052
0.0286346025294
0.00309606326411
2.3
0.102297715833
0.129117098643
0.033324839504
3.41
0.0209889300052
0.0286346025294
0.00309606326411
4.05
0.0600897040904
0.0719508843326
0.0162892721897
2.3
0.102297715833
0.129117098643
0.033324839504
4.33
0.0601599022314
0.071355031571
0.0238845233924
2.3
0.102297715833
0.129117098643
0.033324839504
2.68
0.0865567374669
0.129552213125
0.0385847777545
3.14
0.00859453412939
-0.0475982832616
0.0479013721857
3.82
0.0031633699945
-0.02648856876
0.0261887529402
3.82
0.0031633699945
-0.02648856876
0.0261887529402
4.56
0.0116399965119
-0.153707501885
0.139502726821
4.56
0.0116399965119
-0.153707501885
0.139502726821
3.96
-4.23144671024e-05
-0.0123664317645
0.0108190747828
3.96
-4.23144671024e-05
-0.0123664317645
0.0108190747828
4.25
-0.00448225822659
-0.0983177528753
0.0672284793831
4.25
-0.00448225822659
-0.0983177528753
0.0672284793831
4.61
-0.0134464966669
-0.0673770799016
0.0331330774266
4.61
-0.0134464966669
-0.0673770799016
0.0331330774266
4.35
-0.018113409373
-0.0443183376103
0.0209164284431
4.35
-0.018113409373
-0.0443183376103
0.0209164284431
4.44
-0.0178434285831
-0.0393245737528
0.0149676606753
0.03
-0.00676309051668
0.00280852929412
0.00255550038492
4.34
-0.041333678935
0.017669444266
0.0140721363638
4.34
-0.041333678935
0.017669444266
0.0140721363638
3.52
-0.233228171696
0.117875385028
0.0689639944018
3.52
-0.233228171696
0.117875385028
0.0689639944018
3.25
-0.169507982345
0.0851855889232
0.0431410010607
3.25
-0.169507982345
0.0851855889232
0.0431410010607
4.22
-0.244433992291
0.104130448862
0.0727959955093
4.22
-0.244433992291
0.104130448862
0.0727959955093
4.34
-0.041333678935
0.017669444266
0.0140721363638
4.28
0.103890923971
-0.000223499562436
0.0427936276418
5.23
0.0314741006595
-0.00113394472617
0.00843748000317
4.71
-0.00834120883225
0.0355575513285
-0.0350311621521
4.67
-0.0111670369838
0.0510333366226
-0.0443693654659
4.67
-0.0111670369838
0.0510333366226
-0.0443693654659
4.89
-0.0157207822721
0.0902594426018
-0.0722616032802
3.04
0.0801850853676
0.0509835490569
-0.00871648290891
3.63
0.0350932835095
0.0174843782607
-0.0032129425124
3.63
0.0350932835095
0.0174843782607
-0.0032129425124
3.84
0.0835913945555
0.0511423772994
-0.0160745886257
3.84
0.0835913945555
0.0511423772994
-0.0160745886257
2.69
0.0792950036127
0.0488890025816
-0.0102829829536
2.69
0.0792950036127
0.0488890025816
-0.0102829829536
3.04
0.0801850853676
0.0509835490569
-0.00871648290891
3.73
0.0123891933582
0.0120853149027
-0.0122040225983
4.13
0.0278600626334
0.0220435687563
-0.0243106892361
4.13
0.0278600626334
0.0220435687563
-0.0243106892361
4.31
0.0646804158705
0.0464397770556
-0.0310632648011
4.31
0.0646804158705
0.0464397770556
-0.0310632648011
3.73
0.0123891933582
0.0120853149027
-0.0122040225983
3.83
0.0941565668424
0.0748759558547
-0.037817996449
3.86
0.0336820226656
0.0310676333877
-0.0171420499847
3.86
0.0336820226656
0.0310676333877
-0.0171420499847
4.23
0.0325625641129
0.0316364130069
-0.0165786016641
2.08
-0.00775184433752
0.0107112152523
0.00549513993345
2.76
-0.0117209194964
0.0209606342441
0.00742993915245
2.43
-0.00292911308131
0.024854113046
0.00624334702042
2.76
-0.0117209194964
0.0209606342441
0.00742993915245
2.08
-0.00775184433752
0.0107112152523
0.00549513993345
3.19
-0.0108837878134
0.0201585694801
0.0129638205601
3.19
-0.0108837878134
0.0201585694801
0.0129638205601
3.23
-0.00421641541181
0.027992474309
0.0168816740236
3.23
-0.00421641541181
0.027992474309
0.0168816740236
2.54
-0.014082495022
0.127941963442
0.0562012634719
2.54
-0.014082495022
0.127941963442
0.0562012634719
2.43
-0.00292911308131
0.024854113046
0.00624334702042
2.43
-0.00292911308131
0.024854113046
0.00624334702042
4.78
-0.0057233532275
0.13002606575
0.0121618441554
1.74
0.106997079444
-0.215052279606
-0.0715389252082
1.69
0.167418862807
-0.355588859213
-0.121976906275
1.69
0.167418862807
-0.355588859213
-0.121976906275
2.25
0.108204258188
-0.244684889811
-0.0855880948124
5.14
0.0570812985655
-0.322791679818
-0.0067261584138
4.45
0.0529627226974
-0.18707350343
-0.00701005921579
4.45
0.0529627226974
-0.18707350343
-0.00701005921579
4.42
0.0418469336715
-0.158312205916
-0.00778303947662
4.42
0.0418469336715
-0.158312205916
-0.00778303947662
4.39
0.00127278696439
-0.00855929328986
-0.000413001535634
4.45
0.0529627226974
-0.18707350343
-0.00701005921579
4.12
0.0148161793715
-0.0438137769648
-0.00511655291825
4.12
0.0148161793715
-0.0438137769648
-0.00511655291825
0.45
0.0438267992712
-0.121818821904
-0.0204090424898
0.45
0.0438267992712
-0.121818821904
-0.0204090424898
1.74
0.106997079444
-0.215052279606
-0.0715389252082
1.74
0.106997079444
-0.215052279606
-0.0715389252082
2.07
0.118881202798
-0.172880543318
-0.0701872144646
2.07
0.118881202798
-0.172880543318
-0.0701872144646
0.18
0.104699379802
-0.1870217266
-0.101065274109
0.18
0.104699379802
-0.1870217266
-0.101065274109
2.25
0.108204258188
-0.244684889811
-0.0855880948124
2.25
0.108204258188
-0.244684889811
-0.0855880948124
1.64
0.0208608937188
-0.0685415359692
-0.0204807909942
1.64
0.0208608937188
-0.0685415359692
-0.0204807909942
3.39
0.0822082111146
-0.305697623173
-0.0672580999159
3.39
0.0822082111146
-0.305697623173
-0.0672580999159
0.45
0.0438267992712
-0.121818821904
-0.0204090424898
1.64
0.0208608937188
-0.0685415359692
-0.0204807909942
3.19
0.00146609851825
-0.00723711931315
-0.00314423817233
3.19
0.00146609851825
-0.00723711931315
-0.00314423817233
3.68
0.0789759678846
-0.345095765186
-0.154094832796
3.68
0.0789759678846
-0.345095765186
-0.154094832796
5.33
0.0492345177358
-0.170817837551
-0.08181473341
5.33
0.0492345177358
-0.170817837551
-0.08181473341
4.47
0.0805710664245
-0.254635520665
-0.119018683084
3.19
0.00146609851825
-0.00723711931315
-0.00314423817233
4.35
0.0094042661886
-0.0543166344338
-0.022080197897
4.35
0.0094042661886
-0.0543166344338
-0.022080197897
4.64
0.00563442532151
-0.0342351319469
-0.0128021754995
4.42
0.0418469336715
-0.158312205916
-0.00778303947662
4.12
0.0148161793715
-0.0438137769648
-0.00511655291825
1.94
0.0150196035105
0.0433846017783
-0.0323783104801
4.21
0.00370903312803
0.00597194861715
-0.00596023754971
4.21
0.00370903312803
0.00597194861715
-0.00596023754971
3.42
0.0175909998406
0.029233023763
-0.0247957066498
3.42
0.0175909998406
0.029233023763
-0.0247957066498
3.55
0.00259605500655
0.00445462744101
-0.00327410573737
3.55
0.00259605500655
0.00445462744101
-0.00327410573737
1.94
0.0150196035105
0.0433846017783
-0.0323783104801
3.55
0.00259605500655
0.00445462744101
-0.00327410573737
3.97
0.0171831321129
0.0220086441796
-0.0167125147609
3.97
0.0171831321129
0.0220086441796
-0.0167125147609
4.01
0.0346958384714
0.0468598805728
-0.0271285260171
4.01
0.0346958384714
0.0468598805728
-0.0271285260171
4.4
0.0791511037835
0.128089031875
-0.0714568433461
4.4
0.0791511037835
0.128089031875
-0.0714568433461
3.55
0.00259605500655
0.00445462744101
-0.00327410573737
4.4
0.0791511037835
0.128089031875
-0.0714568433461
4.22
0.225796419011
0.455085480014
-0.224844742769
4.22
0.225796419011
0.455085480014
-0.224844742769
4.35
0.0542987095426
0.107891643709
-0.0449164112739
4.35
0.0542987095426
0.107891643709
-0.0449164112739
4.33
0.0197071147397
0.0348142581666
-0.0142369330737
4.33
0.0197071147397
0.0348142581666
-0.0142369330737
4.22
0.225796419011
0.455085480014
-0.224844742769
4.33
0.0197071147397
0.0348142581666
-0.0142369330737
3.61
0.0567719614131
0.0922854779125
-0.034683662436
2.83
-0.0660807614206
-0.0233145477476
-0.0743194136727
2.49
-0.0325945700173
0.000978899312544
-0.0277340835566
2.44
-0.0531363976838
-0.00534919626754
-0.0296576174245
2.93
-0.0596700065819
-0.00260084237065
-0.0277919672841
2.93
-0.0596700065819
-0.00260084237065
-0.0277919672841
5.58
-0.0823599715949
0.00298521429883
-0.0274995828247
2.44
-0.0531363976838
-0.00534919626754
-0.0296576174245
3.51
-0.0308069253083
-0.000365417524824
-0.0181900426557
3.51
-0.0308069253083
-0.000365417524824
-0.0181900426557
3.97
-0.10374714687
0.00134358369082
-0.0623822843145
3.97
-0.10374714687
0.00134358369082
-0.0623822843145
3.77
-0.0106206822146
0.00144351895083
-0.00483016289299
3.77
-0.0106206822146
0.00144351895083
-0.00483016289299
4.14
-0.0323422048354
0.00663285370385
-0.0124529428476
2.49
-0.0325945700173
0.000978899312544
-0.0277340835566
4.2
-0.0122316741916
0.00187717304315
-0.0105314607347
4.2
-0.0122316741916
0.00187717304315
-0.0105314607347
3.41
-0.0475875306492
0.00937191331871
-0.041662226988
3.41
-0.0475875306492
0.00937191331871
-0.041662226988
3.52
-0.0213331085734
0.00887269998958
-0.0185215835671
3.52
-0.0213331085734
0.00887269998958
-0.0185215835671
2.38
-0.160135942678
0.0727386965208
-0.107601347271
2.07
-0.0232274385308
-0.00925845134689
-0.016141194287
2.44
-0.0531363976838
-0.00534919626754
-0.0296576174245
2.07
-0.0232274385308
-0.00925845134689
-0.016141194287
2.83
-0.0660807614206
-0.0233145477476
-0.0743194136727
3.24
0.0276798055827
0.000927265813533
-0.0123883961241
4.5
0.0455649559742
-0.00454129228336
-0.0271767450683
4.5
0.0455649559742
-0.00454129228336
-0.0271767450683
3.85
0.0162512046551
-0.00334658698563
-0.00981719195077
3.84
-0.144827926766
-0.405909322377
-0.137871339326
2.84
-0.08777035146
-0.274840722736
-0.0865059864177
2.84
-0.08777035146
-0.274840722736
-0.0865059864177
3.98
-0.177802671883
-0.498564562899
-0.123240441944
3.98
-0.177802671883
-0.498564562899
-0.123240441944
2.9
-0.0625555285547
-0.149939030673
-0.02890568707
2.9
-0.0625555285547
-0.149939030673
-0.02890568707
3.01
-0.0798058387264
-0.139820410583
-0.0162634740365
3.01
-0.0798058387264
-0.139820410583
-0.0162634740365
1.79
-0.0994656980943
-0.150668219225
-0.0185372744255
1.79
-0.0994656980943
-0.150668219225
-0.0185372744255
2.91
-0.048189702601
-0.0618299378211
-0.00594492941094
2.91
-0.048189702601
-0.0618299378211
-0.00594492941094
3.77
-0.266588971095
-0.308246876279
-0.0226149264845
1.79
-0.0994656980943
-0.150668219225
-0.0185372744255
2.09
-0.0141735736028
-0.0235668996156
-0.00731750968143
2.09
-0.0141735736028
-0.0235668996156
-0.00731750968143
3.32
-0.048247875523
-0.0822303355627
-0.0291647620393
3.32
-0.048247875523
-0.0822303355627
-0.0291647620393
4.22
-0.0200417193759
-0.0311634923549
-0.0126579191358
4.7
-0.0276906380259
0.0160304890557
-0.0147591816605
4.47
-0.014498121921
0.00820507713799
-0.0080014880358
4.47
-0.014498121921
0.00820507713799
-0.0080014880358
5.16
-0.0825605416291
0.0496114119711
-0.0538995946791
5.16
-0.0825605416291
0.0496114119711
-0.0538995946791
3.92
-0.0417069107572
0.0277362223529
-0.0274374398393
3.92
-0.0417069107572
0.0277362223529
-0.0274374398393
4.7
-0.0276906380259
0.0160304890557
-0.0147591816605
0.4
0.00189071807965
-0.00283477356977
0.000787887922713
2.89
0.0251840387593
-0.0444765426714
0.0105647139686
3.79
0.00230316073996
-0.0130480462447
0.0268487376067
4.2
0.00257733113995
-0.0233950211965
0.0380753830735
4.2
0.00257733113995
-0.0233950211965
0.0380753830735
4.49
0.00268643870584
-0.016102414424
0.022685196059
4.49
0.00268643870584
-0.016102414424
0.022685196059
4.54
0.00482656430564
-0.0361342232599
0.0398315915122
4.49
0.00268643870584
-0.016102414424
0.022685196059
3.79
0.00230316073996
-0.0130480462447
0.0268487376067
4.44
-0.0777777382512
0.0467544344718
0.00539528494827
4.66
-0.061912961731
0.0284761339557
-0.0015946606155
1.97
-0.0989961249906
-0.0649801872121
0.0589410987778
4.35
-0.0430471081381
-0.0241432328269
0.0265058690802
4.35
-0.0430471081381
-0.0241432328269
0.0265058690802
4.21
-0.0825172935959
-0.0384716443735
0.0548099071901
4.21
-0.0825172935959
-0.0384716443735
0.0548099071901
4.29
-0.0863691632968
-0.0360939824795
0.0671589972855
4.29
-0.0863691632968
-0.0360939824795
0.0671589972855
4.95
-0.0229751609818
-0.00803507287918
0.017250612333
4.95
-0.0229751609818
-0.00803507287918
0.017250612333
3.0
-0.105688837436
-0.0352879580476
0.0963051119015
3.0
-0.105688837436
-0.0352879580476
0.0963051119015
2.07
-0.0272100043875
-0.0113527448634
0.0251835198052
2.07
-0.0272100043875
-0.0113527448634
0.0251835198052
4.29
-0.0863691632968
-0.0360939824795
0.0671589972855
3.93
0.00464776534173
0.00523776874598
-0.0224574449243
3.94
0.0359387418849
0.0189749196884
-0.0755228557061
3.93
0.0171102007808
0.00499183421535
-0.0414795077934
4.39
0.0380340539737
0.00289303511759
-0.0908386403058
3.41
0.0215984723494
0.00401359417364
-0.0682894750069
3.93
0.00464776534173
0.00523776874598
-0.0224574449243
3.93
0.00464776534173
0.00523776874598
-0.0224574449243
2.4
0.00420999869289
0.0050172456388
-0.0228086848494
2.4
0.00420999869289
0.0050172456388
-0.0228086848494
3.88
0.0087316934683
0.0121681844941
-0.0402598172701
3.88
0.0087316934683
0.0121681844941
-0.0402598172701
3.93
0.00464776534173
0.00523776874598
-0.0224574449243
5.5
-0.0883852710014
-0.0636350048867
-0.0654529922701
4.67
-0.0704960913047
-0.0578501188534
-0.07127119984
5.5
-0.0883852710014
-0.0636350048867
-0.0654529922701
4.74
-0.0591887532617
-0.0506542873605
-0.0549402485281
4.74
-0.0591887532617
-0.0506542873605
-0.0549402485281
4.67
-0.0704960913047
-0.0578501188534
-0.07127119984
4.67
-0.0704960913047
-0.0578501188534
-0.07127119984
3.62
-0.0423801019016
-0.0454612981959
-0.0653304314613
3.62
-0.0423801019016
-0.0454612981959
-0.0653304314613
4.26
-0.0285911235198
-0.0402428710661
-0.0619030470126
4.26
-0.0285911235198
-0.0402428710661
-0.0619030470126
3.82
-0.010048037951
-0.0218973380101
-0.0351859021596
3.82
-0.010048037951
-0.0218973380101
-0.0351859021596
4.61
-0.0154518834063
-0.0286231533656
-0.0485573243433
4.61
-0.0154518834063
-0.0286231533656
-0.0485573243433
4.45
-0.0368234232686
-0.0528198569627
-0.0926985254689
4.45
-0.0368234232686
-0.0528198569627
-0.0926985254689
4.84
-0.0402306674919
-0.048082983653
-0.0909898872764
4.84
-0.0402306674919
-0.048082983653
-0.0909898872764
4.27
-0.0264955161811
-0.0206168650007
-0.0477162951255
4.27
-0.0264955161811
-0.0206168650007
-0.0477162951255
5.92
-0.0977479128984
-0.0600209474798
-0.167292552859
5.92
-0.0977479128984
-0.0600209474798
-0.167292552859
5.38
-0.0670694718274
-0.0242879596673
-0.0978192519966
5.38
-0.0670694718274
-0.0242879596673
-0.0978192519966
4.03
-0.0188810454444
-0.00356386550299
-0.026197633454
4.03
-0.0188810454444
-0.00356386550299
-0.026197633454
4.13
-0.00829899415928
-0.000357091051311
-0.0110089242363
4.13
-0.00829899415928
-0.000357091051311
-0.0110089242363
4.49
-0.0169967046203
-4.29770341558e-05
-0.0257853836862
4.49
-0.0169967046203
-4.29770341558e-05
-0.0257853836862
4.95
-0.0282887756401
0.00301498566464
-0.0407544217271
4.95
-0.0282887756401
0.00301498566464
-0.0407544217271
3.7
-0.0244782039244
0.00323021938035
-0.0316334092053
3.7
-0.0244782039244
0.00323021938035
-0.0316334092053
4.27
-0.0307127914842
0.000640952799335
-0.037770235942
4.27
-0.0307127914842
0.000640952799335
-0.037770235942
4.13
-0.00829899415928
-0.000357091051311
-0.0110089242363
1.17
-0.00114100866442
0.00305369355611
-0.00696217588933
4.18
-0.0476673821511
0.0999969102478
-0.199634977077
4.18
-0.0476673821511
0.0999969102478
-0.199634977077
5.43
-0.0669011218471
0.177075861402
-0.246201696873
5.43
-0.0669011218471
0.177075861402
-0.246201696873
5.02
-0.0186903209269
0.064165667917
-0.0794772492014
5.02
-0.0186903209269
0.064165667917
-0.0794772492014
4.94
-0.00263505738046
0.0104724861489
-0.0153164848271
4.94
-0.00263505738046
0.0104724861489
-0.0153164848271
4.29
-0.00584704215186
0.022456596469
-0.0391089330462
4.29
-0.00584704215186
0.022456596469
-0.0391089330462
4.2
-0.00533115241061
0.0218860232698
-0.0471411542698
3.93
0.0367971355115
0.00956502922724
-0.0154808811437
3.78
0.0388677565237
0.00794693261866
-0.0176980121774
3.78
0.0388677565237
0.00794693261866
-0.0176980121774
4.35
0.182785291161
0.0376005172029
-0.0626563320138
4.35
0.182785291161
0.0376005172029
-0.0626563320138
3.93
0.0367971355115
0.00956502922724
-0.0154808811437
4.35
0.182785291161
0.0376005172029
-0.0626563320138
3.97
0.184420967257
0.0294920668517
-0.0780812750699
4.35
0.182785291161
0.0376005172029
-0.0626563320138
3.77
0.0313348305917
0.00567273622308
-0.00903691502715
3.77
0.0313348305917
0.00567273622308
-0.00903691502715
4.0
0.0362220072266
0.00817117472308
-0.0085762232911
4.0
0.0362220072266
0.00817117472308
-0.0085762232911
4.35
0.182785291161
0.0376005172029
-0.0626563320138
2.83
0.0171099646627
-0.00866224393176
0.00147628079075
5.32
0.0864695860642
-0.0470086022766
0.00084933675032
5.32
0.0864695860642
-0.0470086022766
0.00084933675032
2.71
0.30725331928
-0.117877976094
-0.065633228966
2.71
0.30725331928
-0.117877976094
-0.065633228966
3.17
0.115471433735
-0.0376631285555
-0.0455012540647
3.17
0.115471433735
-0.0376631285555
-0.0455012540647
2.94
0.0515798030325
-0.0089434768908
-0.0199511515036
2.94
0.0515798030325
-0.0089434768908
-0.0199511515036
3.25
0.0534554804131
-0.0135899488317
-0.0116351903771
3.25
0.0534554804131
-0.0135899488317
-0.0116351903771
2.21
0.414988616655
-0.103653919356
-0.03520923821
2.21
0.414988616655
-0.103653919356
-0.03520923821
2.83
0.0171099646627
-0.00866224393176
0.00147628079075
3.33
0.0372903613564
0.00281316439457
-0.03326443395
4.44
0.0134304581952
4.78731334829e-05
-0.0123341316946
4.44
0.0134304581952
4.78731334829e-05
-0.0123341316946
4.56
0.117118546041
0.00822785825142
-0.11249372118
4.56
0.117118546041
0.00822785825142
-0.11249372118
3.84
0.021875183462
0.00355709548703
-0.0210582926001
3.84
0.021875183462
0.00355709548703
-0.0210582926001
3.33
0.0372903613564
0.00281316439457
-0.03326443395
2.72
-0.00486820860711
0.0928634660386
-0.0116725802646
2.82
-0.00313830786077
0.023333231927
-0.00269148127147
3.1
0.00280431816207
0.0449867850861
-0.00768612701919
1.79
0.000614827558437
0.0436934728512
-0.00755387894386
1.79
0.000614827558437
0.0436934728512
-0.00755387894386
2.98
-0.000470867548183
0.0293676168162
-0.002331200254
2.98
-0.000470867548183
0.0293676168162
-0.002331200254
4.53
-0.00671748191844
0.329962430293
0.00120552855703
2.98
-0.000470867548183
0.0293676168162
-0.002331200254
2.72
-0.00486820860711
0.0928634660386
-0.0116725802646
2.72
-0.00486820860711
0.0928634660386
-0.0116725802646
1.79
0.000614827558437
0.0436934728512
-0.00755387894386
1.79
0.000614827558437
0.0436934728512
-0.00755387894386
2.6
-0.00313716419372
0.0261525958877
-0.00723228497077
2.6
-0.00313716419372
0.0261525958877
-0.00723228497077
3.17
-0.00966453318035
0.0687990967605
-0.0132208751411
3.17
-0.00966453318035
0.0687990967605
-0.0132208751411
2.72
-0.00486820860711
0.0928634660386
-0.0116725802646
3.17
-0.00966453318035
0.0687990967605
-0.0132208751411
2.82
-0.00313830786077
0.023333231927
-0.00269148127147
2.6
-0.00313716419372
0.0261525958877
-0.00723228497077
3.32
-0.00577292356972
0.0351227201726
-0.00978317783536
3.32
-0.00577292356972
0.0351227201726
-0.00978317783536
2.05
-0.0111496170094
0.0662303973504
-0.0148097914991
2.05
-0.0111496170094
0.0662303973504
-0.0148097914991
3.17
-0.00966453318035
0.0687990967605
-0.0132208751411
2.05
-0.0111496170094
0.0662303973504
-0.0148097914991
3.52
-0.0282862887696
0.108515622553
-0.0213463554926
3.52
-0.0282862887696
0.108515622553
-0.0213463554926
3.76
-0.0105561197556
0.0401972115751
-0.00922326904083
3.76
-0.0105561197556
0.0401972115751
-0.00922326904083
4.88
-0.0508185754455
0.150909450601
-0.0400828699113
4.88
-0.0508185754455
0.150909450601
-0.0400828699113
3.92
-0.0123915464967
0.0339392070801
-0.00937612255141
3.32
-0.00577292356972
0.0351227201726
-0.00978317783536
5.64
-0.0213140800193
0.080749422143
-0.0308973098546
5.64
-0.0213140800193
0.080749422143
-0.0308973098546
4.43
-0.0294647729428
0.118865658203
-0.0622195837226
4.43
-0.0294647729428
0.118865658203
-0.0622195837226
4.37
-0.0160217491959
0.165720042709
-0.0902786534922
4.37
-0.0160217491959
0.165720042709
-0.0902786534922
4.12
0.0017959582092
0.0506449382009
-0.0282206143331
4.12
0.0017959582092
0.0506449382009
-0.0282206143331
3.96
0.00191332178306
0.0478728610849
-0.0204255228185
4.12
0.0017959582092
0.0506449382009
-0.0282206143331
4.27
0.00453906024721
0.0385396171435
-0.0173721245093
1.62
0.0309230391709
0.21312462249
-0.00832720054306
2.39
0.0220700783529
0.14003679055
-0.0117031288754
2.39
0.0220700783529
0.14003679055
-0.0117031288754
2.99
0.0891477176888
0.538989923823
-0.0586383214279
2.99
0.0891477176888
0.538989923823
-0.0586383214279
1.86
0.0184635832397
0.0808686437129
-0.00868283134617
1.86
0.0184635832397
0.0808686437129
-0.00868283134617
3.32
0.00591086756997
0.0211197827121
-0.000882300346657
3.32
0.00591086756997
0.0211197827121
-0.000882300346657
3.62
0.013416347921
0.0441488728609
0.000633135340253
3.62
0.013416347921
0.0441488728609
0.000633135340253
3.0
0.0603050095772
0.243958686698
0.0171935553628
3.0
0.0603050095772
0.243958686698
0.0171935553628
2.29
0.00386707916645
0.0195500125479
0.00229206270855
2.29
0.00386707916645
0.0195500125479
0.00229206270855
2.82
0.018912570631
0.127074352512
0.0292077670124
2.82
0.018912570631
0.127074352512
0.0292077670124
1.06
0.0250504831559
0.177057919171
0.0481302333746
1.06
0.0250504831559
0.177057919171
0.0481302333746
2.29
0.0195691822728
0.112090732675
0.0471094956062
1.06
0.0250504831559
0.177057919171
0.0481302333746
2.89
0.0292457910307
0.12887961202
0.0487038312124
1.06
0.0250504831559
0.177057919171
0.0481302333746
2.56
0.0176609289818
0.147952129755
0.0650964489938
3.54
-0.0030422709389
0.0378705624505
0.028933580699
3.71
-0.00366439231364
0.0156826605633
0.0143284147835
3.71
-0.00366439231364
0.0156826605633
0.0143284147835
2.63
-0.00395731970243
0.0156358967281
0.0156185300086
2.63
-0.00395731970243
0.0156358967281
0.0156185300086
3.8
-0.0129665559487
0.0408946266416
0.0479627847454
3.8
-0.0129665559487
0.0408946266416
0.0479627847454
3.65
-0.0137889358731
0.0282965936183
0.0348029894959
3.65
-0.0137889358731
0.0282965936183
0.0348029894959
3.85
-0.00361425850728
0.006875559129
0.00795866722217
3.85
-0.00361425850728
0.006875559129
0.00795866722217
4.09
-0.0356180281731
0.0614506507752
0.0798088204595
4.09
-0.0356180281731
0.0614506507752
0.0798088204595
3.65
-0.0137889358731
0.0282965936183
0.0348029894959
4.62
-0.0244552801523
0.0321978881133
0.000602758771114
3.23
-0.00852836981414
0.0168136975109
0.00176954634027
3.23
-0.00852836981414
0.0168136975109
0.00176954634027
4.24
-0.011682172933
0.0495015304107
0.00821089124626
4.24
-0.011682172933
0.0495015304107
0.00821089124626
3.54
-0.00588267328961
0.0314160417728
0.0048707876046
3.54
-0.00588267328961
0.0314160417728
0.0048707876046
4.32
-0.010637411398
0.0566929611465
0.0138081399083
5.08
0.0670940994967
-0.029291978432
0.0762534912293
4.48
0.0572671897479
-0.0316009986261
0.059029356865
5.18
0.0251566980723
0.00813627036975
-0.0158675363943
5.53
0.117041726076
0.0269554678263
-0.0867324098077
1.65
-0.0014030719735
-0.040066407363
-0.00262447447189
4.27
-0.00694313160386
-0.118420822402
-0.0319445524217
4.27
-0.00694313160386
-0.118420822402
-0.0319445524217
3.53
-0.00187399261406
-0.0446445023469
-0.0161961878409
0.87
0.000317706042775
-0.0187276225519
-0.00690934838559
2.97
0.012609216632
-0.12663283549
-0.0125586859286
3.65
-0.000691007595816
-0.0432089514492
-0.0190738213178
3.77
-0.00150809280761
-0.0435214434347
-0.0176019574336
3.65
-0.000691007595816
-0.0432089514492
-0.0190738213178
3.41
-0.00281056030236
-0.0988729253099
-0.0556791724728
3.41
-0.00281056030236
-0.0988729253099
-0.0556791724728
3.61
-0.00522601796102
-0.0507253889021
-0.0400656399264
0.87
0.000317706042775
-0.0187276225519
-0.00690934838559
3.53
-0.00187399261406
-0.0446445023469
-0.0161961878409
0.87
0.000317706042775
-0.0187276225519
-0.00690934838559
3.4
0.000256907194508
-0.0423526071712
-0.0171208505113
3.4
0.000256907194508
-0.0423526071712
-0.0171208505113
3.65
-0.000691007595816
-0.0432089514492
-0.0190738213178
3.53
-0.00187399261406
-0.0446445023469
-0.0161961878409
4.3
-0.00138790582064
-0.0422322806679
-0.0164701054641
4.3
-0.00138790582064
-0.0422322806679
-0.0164701054641
3.77
-0.00150809280761
-0.0435214434347
-0.0176019574336
3.77
-0.00150809280761
-0.0435214434347
-0.0176019574336
3.62
-0.0240949380585
-0.104480318333
-0.046032014117
4.1
0.00916506928728
0.0362784006675
-0.0112141899493
3.49
0.0145014981857
0.0723443701108
-0.0200249498596
2.87
0.020253431657
0.0353951141976
-0.0452322627124
3.99
0.00740562981573
0.010306007379
-0.0180029595669
3.99
0.00740562981573
0.010306007379
-0.0180029595669
4.23
0.00415733176466
0.00328585503381
-0.00676398711647
3.99
0.00740562981573
0.010306007379
-0.0180029595669
4.36
0.0201519897519
0.0150639555
-0.0346567186785
5.25
-0.0489918544592
-0.0639571409509
-0.0397720050563
3.0
-0.0219117127796
-0.02662642637
-0.0162254051303
3.0
-0.0219117127796
-0.02662642637
-0.0162254051303
3.42
-0.0110862312797
-0.012593649293
-0.0102435607205
3.42
-0.0110862312797
-0.012593649293
-0.0102435607205
5.25
-0.0489918544592
-0.0639571409509
-0.0397720050563
1.91
0.0764455208702
0.0962284930935
-0.0335260840749
2.87
0.0385765624106
0.0395471409891
-0.00929423360219
2.87
0.0385765624106
0.0395471409891
-0.00929423360219
2.83
0.00753902330459
0.00959594146891
-0.00161171305562
2.83
0.00753902330459
0.00959594146891
-0.00161171305562
1.91
0.0764455208702
0.0962284930935
-0.0335260840749
2.9
-0.110090241784
0.0990462368008
-0.11519643304
2.95
-0.149407470998
0.0865083778678
-0.155810771234
2.95
-0.149407470998
0.0865083778678
-0.155810771234
3.86
-0.0298072624061
0.0157291750791
-0.0347084458662
3.86
-0.0298072624061
0.0157291750791
-0.0347084458662
3.65
-0.0199045003143
0.00913214541371
-0.0229414127455
3.65
-0.0199045003143
0.00913214541371
-0.0229414127455
4.04
-0.0348810916127
0.0149193669373
-0.0415638642418
4.04
-0.0348810916127
0.0149193669373
-0.0415638642418
3.73
-0.0597876800263
0.031533439243
-0.099209890849
3.73
-0.0597876800263
0.031533439243
-0.099209890849
4.24
-0.0202517769137
0.00856632352532
-0.0398528009484
4.24
-0.0202517769137
0.00856632352532
-0.0398528009484
3.96
-0.013329511676
0.012282453737
-0.04622585368
2.95
-0.149407470998
0.0865083778678
-0.155810771234
4.17
-0.0311848189259
0.0230692378625
-0.0440374716159
4.17
-0.0311848189259
0.0230692378625
-0.0440374716159
4.29
-0.0237188406914
0.0249898795213
-0.0401546537366
4.17
-0.0311848189259
0.0230692378625
-0.0440374716159
4.82
-0.0387997667405
0.0297797311422
-0.0650256004146
4.82
-0.0387997667405
0.0297797311422
-0.0650256004146
4.05
-0.0481329609562
0.0372496020614
-0.0993962518594
4.05
-0.0481329609562
0.0372496020614
-0.0993962518594
3.27
-0.0182453408656
0.0155395519514
-0.0426515677869
3.27
-0.0182453408656
0.0155395519514
-0.0426515677869
3.68
-0.0193809228843
0.0217065048076
-0.0654563078557
3.78
-0.0372136327625
0.0481824571896
-0.0352980483346
2.9
-0.110090241784
0.0990462368008
-0.11519643304
4.04
0.0414855996988
-0.00519292472453
0.0863833499025
5.9
0.0466488851131
0.0132410636006
0.0874560218191
5.9
0.0466488851131
0.0132410636006
0.0874560218191
2.74
0.00501971336638
0.00265043365851
0.0103792777278
2.74
0.00501971336638
0.00265043365851
0.0103792777278
0.98
0.035187649962
0.0365811283596
0.062334064157
0.98
0.035187649962
0.0365811283596
0.062334064157
4.18
0.0205700855357
0.0412855458485
0.0506963513354
4.18
0.0205700855357
0.0412855458485
0.0506963513354
4.07
0.00509318873794
0.0124435398053
0.0166421652729
4.07
0.00509318873794
0.0124435398053
0.0166421652729
3.87
0.00293274416236
0.0122637867192
0.0137786861846
0.98
0.035187649962
0.0365811283596
0.062334064157
3.38
0.00632266000563
0.00911269972327
0.0195150333425
3.38
0.00632266000563
0.00911269972327
0.0195150333425
4.23
0.0120978307519
0.0318773609472
0.0575993995365
4.23
0.0120978307519
0.0318773609472
0.0575993995365
3.73
0.0019677241668
0.0238345642568
0.0313714065502
3.38
0.00632266000563
0.00911269972327
0.0195150333425
3.39
0.0203506085374
0.0145232543039
0.0568156293553
3.39
0.0203506085374
0.0145232543039
0.0568156293553
2.85
0.00653026771306
0.00594729199669
0.0300778999771
3.39
0.0203506085374
0.0145232543039
0.0568156293553
2.74
0.00501971336638
0.00265043365851
0.0103792777278
1.75
0.253403966513
-0.0320009112095
-0.0344693197674
3.6
0.150676114009
0.000659325506851
-0.0179677407041
3.6
0.150676114009
0.000659325506851
-0.0179677407041
1.93
0.0242318771361
0.000879562434151
-0.00313672160177
1.93
0.0242318771361
0.000879562434151
-0.00313672160177
2.47
0.164105681491
0.0169072369822
-0.010198473156
2.47
0.164105681491
0.0169072369822
-0.010198473156
3.52
0.583860129719
0.0960935283259
0.00108599438563
3.52
0.583860129719
0.0960935283259
0.00108599438563
2.69
0.0341866768421
0.00790947038953
0.00528951646229
2.69
0.0341866768421
0.00790947038953
0.00528951646229
3.84
0.025714228817
0.00502777702444
0.00408814951839
3.84
0.025714228817
0.00502777702444
0.00408814951839
3.85
0.0307624909616
0.00232640296976
0.00649124740082
3.85
0.0307624909616
0.00232640296976
0.00649124740082
3.6
0.0183506901441
-0.00103351865449
0.00255361781979
3.6
0.0183506901441
-0.00103351865449
0.00255361781979
2.23
0.17509233027
-0.0124433348875
0.00864989847959
2.23
0.17509233027
-0.0124433348875
0.00864989847959
1.75
0.253403966513
-0.0320009112095
-0.0344693197674
